epoch0
flaw_f1 = 0.6911150105769325
flaw_precision = 0.7482952127570892
flaw_recall = 0.6787304979762703
loss = 0.09687805961752903

epoch1
flaw_f1 = 0.8971872141142386
flaw_precision = 0.9229620356060653
flaw_recall = 0.877145549239034
loss = 0.02485892455351964

epoch2
flaw_f1 = 0.9254317112036158
flaw_precision = 0.9470805270165095
flaw_recall = 0.9080161416728135
loss = 0.01927744486851004

epoch3
flaw_f1 = 0.9408366869821434
flaw_precision = 0.9612428772462391
flaw_recall = 0.9239962394119062
loss = 0.01581772991544917

