epoch0
c2_loss = 0.3422271846648241
eval_accuracy = 0.8452088452088452

epoch1
c2_loss = 0.09552659451291289
eval_accuracy = 0.9690706749530279

epoch2
c2_loss = 0.02462628712326509
eval_accuracy = 0.993351640410464

