eval_acc = 0.9559394007165042
eval_f1 = 0.7922692947651351
eval_loss = 0.0556910133904271
eval_precision = 0.8883467278989667
eval_recall = 0.7149457149457149
